25
26
29
30
85
86
87
89
90
91
146
147
148
150
151
152
207
208
211
212
268
272
329
330
333
334
389
390
391
393
394
395
450
451
452
454
455
456
511
512
515
516
572
576
633
634
637
638
693
694
695
697
698
699
754
755
756
758
759
760
815
816
819
820
876
880
937
938
941
942
997
998
999
1001
1002
1003
1058
1059
1060
1062
1063
1064
1119
1120
1123
1124
1180
1184
1241
1242
1301
1302
1303
1362
1363
1364
1423
1424
1484
1545
1546
1548
1549
1605
1606
1607
1608
1609
1610
1666
1667
1669
1670
1727
1730
1788
1789
1791
1792
1848
1849
1850
1851
1852
1853
1909
1910
1912
1913
1970
1973
2031
2032
2034
2035
2091
2092
2093
2094
2095
2096
2152
2153
2155
2156
2213
2216
2274
2275
2277
2278
2334
2335
2336
2337
2338
2339
2395
2396
2398
2399
2456
2459
2517
2518
2577
2578
2579
2638
2639
2699
